9074107	49
9074107	58
9074107	65
9074120	80
9074120	82
9074121	86
9074121	87
7448224	94
134	168
9074127	171
172	173
172	174
172	175
172	176
172	177
172	178
172	179
172	180
172	181
172	182
172	183
172	185
172	186
172	187
172	188
172	189
190	195
190	196
190	200
190	201
6469607	219
12008184	228
12008184	230
12008184	237
12008184	240
12008184	242
244	288
303	307
316	317
316	318
316	8918479
316	321
316	322
316	323
316	324
316	327
316	329
316	332
316	333
316	334
316	338
316	343
316	345
316	346
316	347
316	348
366	369
366	375
366	376
1500758	389
1500758	381
1500758	382
1500758	383
1500758	389
1500758	393
1500758	394
8918487	403
8918487	404
8918487	405
8918487	406
8918487	407
8918487	410
8918487	412
414	415
414	418
414	419
414	424
414	428
430	454
10549099	473
10549099	474
10549099	476
10549099	477
10549099	480
481	483
481	484
481	485
481	486
481	490
481	491
481	492
481	494
481	495
498	499
498	500
498	509
498	515
8918500	563
8918500	564
8918500	565
8918500	571
8918500	586
8918500	575
577	578
577	580
577	581
577	582
577	586
577	587
577	589
577	590
577	592
577	594
577	595
577	598
577	599
9053393	608
8918535	654
8918535	657
8918535	658
64580	665
64580	666
64580	668
64580	669
64580	688
64580	671
64580	673
64580	674
64580	677
64580	680
64580	683
64580	684
64580	687
64580	688
64580	689
64580	692
64580	696
64580	697
64580	698
64580	699
64580	700
8918537	706
709	711
709	713
709	716
709	720
740	742
740	743
740	747
740	751
740	757
759	760
759	761
759	763
759	764
759	766
759	767
759	768
759	769
759	770
759	773
857800	775
781	783
781	787
781	789
1033965	792
1033965	795
1033965	799
1033965	800
1033965	801
1033965	802
1033965	806
1033965	811
1033965	814
1033965	816
8918565	819
8918565	820
8918565	822
8918565	823
8918565	824
8918565	827
8918565	828
8918565	829
8918565	830
8918565	831
8918565	834
8918565	836
14338499	846
14338499	850
14338499	851
9296371	875
9296371	878
9296371	879
855	861
8918568	868
871	872
871	873
871	875
871	877
871	878
871	879
871	880
871	881
871	882
871	883
871	884
871	888
871	889
8918569	891
8918569	893
8918569	896
8918569	901
8918569	902
8918569	904
8918569	910
8918569	911
8918569	914
960062	919
960062	921
960062	922
960062	923
960062	924
960062	925
960062	926
960062	927
960062	928
960062	929
960062	930
960062	932
960062	933
960062	934
960062	935
960062	937
960062	939
960062	940
960062	941
960062	942
960062	943
945	949
945	973
945	975
945	988
945	991
945	1010
8918572	1028
1059	1061
1059	1062
1059	1066
1059	1069
695740	1084
695740	1085
8918581	1101
8918581	1102
8918581	1106
8918581	1107
8918581	1110
8918581	1112
8918581	1113
8918581	1114
8918581	1117
1164	1168
1164	1164
1164	1177
1193	1194
1193	1197
1193	1199
1193	1204
1193	1205
1206	1211
1206	1216
1206	1217
1206	1218
8918623	1221
8918623	1224
8918623	1228
8918623	1229
8918623	1232
8918623	1233
8918623	1235
8918623	1236
8918623	1237
8918623	1240
8918623	404
8918623	1241
8918625	1249
1251	1252
1251	1255
1251	1256
1251	1257
1251	1258
1251	1259
1337	1339
1337	1343
1337	1348
1337	1349
1337	1350
1337	1357
1337	1358
8918655	1439
8918655	1440
8918655	1443
8918655	1445
8918657	1448
8918657	1449
8918657	1452
8918657	1454
8918657	1455
8918657	1456
8918657	1457
8918657	1458
8918657	1459
8918657	1460
8918657	1461
8918657	1462
8918657	1463
8918657	1069
8918657	1464
8918657	1465
47718	1469
47718	1472
47718	1472
47718	1473
47718	1475
47718	1477
47718	1478
47718	1479
47718	1480
47718	1482
47718	1484
47718	1485
3893559	1487
3893559	1489
3893559	1491
3893559	1492
3893559	1493
3893559	1495
3893559	1496
3893559	1501
11498811	11498812
11498811	1536
11498811	1539
11498811	1540
3685242	1550
3685242	1551
3685242	1552
3685242	1553
8918674	1673
1054991	1626
1054991	1629
1054991	1631
10166220	1633
10166220	1635
8918718	1670
8918718	1671
8918718	1673
1677	1683
1677	1691
1677	1693
1677	1696
1677	1697
1677	1698
1677	1702
1677	1704
1677	1713
1677	1714
1677	1717
1718	1719
1718	1721
1718	1722
1718	1724
1718	1725
1718	1726
1718	1727
1718	1728
1718	1729
8918719	1739
8299611	1747
8299611	1748
8299611	1753
8299611	1755
8918722	1804
8918722	1806
9054621	1812
1817	1906
1817	1822
1817	1823
1817	1825
1826	1828
1826	1830
1826	1833
1826	1835
1826	1837
1826	1838
1826	1841
1826	1843
1826	1844
1826	1846
1826	1850
1826	1859
1826	1861
1826	1862
1826	1869
8918728	1884
8918730	1888
8918730	1896
1906	1908
1906	1909
1906	1911
1906	1915
1258333	1926
1258333	1929
1258333	1930
1258333	1931
1258333	175
1258333	1932
1258333	1933
1938	1939
1938	1941
1938	1942
3571599	1956
3571599	1957
3571599	1962
1964	1977
4329218	1983
1987	1989
1987	1990
1987	1991
1987	1995
1987	1996
1987	2000
1987	2001
1987	2002
1987	2002
1987	2002
1987	2003
1987	2004
2006	2007
2006	2006
2006	2120
2006	2032
2006	2046
2047	2055
2047	2056
9070367	2077
9070367	2082
9070367	2084
9070367	356
9070367	2088
9070367	2091
9070367	2092
9070367	2096
8918753	2102
8918753	2105
3695299	2113
3695299	2117
3695299	2120
3695299	2121
3695299	2123
2133	2231
2133	2136
2133	2234
2154	2142
2154	2143
2154	2146
2154	2148
2154	2149
2154	2150
2154	2151
2154	2152
2154	2153
2154	2154
2154	2155
2154	2157
8918757	2257
8918757	2283
8918757	2284
8918757	2285
8918757	973
8918757	2289
8918757	2292
8918757	988
8918757	2293
8918757	991
8918757	2294
8918757	2299
8918757	2300
8918757	2302
8918757	2303
8918757	1010
8918757	2200
8918757	2207
8918781	2213
2231	2234
2231	2236
2231	2237
2231	2240
2231	2241
2231	2242
2231	2245
2231	2246
8918783	2248
8918783	2249
2251	2252
2251	2253
2251	2254
2251	2255
2251	2257
2251	2258
2251	2260
2251	2261
2251	2262
2251	2263
2251	2264
8918785	2274
2278	2279
2278	173
2278	2281
2278	2283
2278	2284
2278	2285
2278	188
2288	2289
2288	2290
2288	2292
2288	2293
2288	2294
2288	2296
2288	2299
2288	2300
2288	2302
2288	2303
2288	2304
2288	2305
2288	2308
2288	2310
2288	2311
2288	2312
2288	2313
2288	2315
4520987	2469
2350	2351
2350	2354
2350	2355
2350	2358
2350	2360
2361	2363
10422230	2382
2385	2386
2385	2387
2385	2391
2385	2392
2417	2552
2417	2553
2417	2562
50485	2433
50485	2443
423617	2451
423617	2452
423617	2455
423617	2456
423617	2457
423617	2459
423617	2462
423617	2463
423617	2464
423617	2465
423617	21199
423617	2466
423617	2469
423617	2470
423617	2471
423617	2473
423617	2474
423617	2475
423617	403
423617	2476
423617	2477
2482	2483
2482	2484
2482	2486
2482	2487
2482	2499
2482	2502
2482	2507
2482	2510
2482	2515
2482	2524
2550	2551
2550	2552
2550	2553
2550	2559
2562	2566
2562	2567
2562	2568
2562	2572
2562	2712
2576	2727
2576	2728
2576	973
2576	975
2576	988
2576	991
8918831	2635
8918831	2643
8918831	8918837
8918831	2652
12120132	2656
12120132	2673
12120132	2678
12120132	2679
12120132	2681
12120132	2685
8918845	2691
8923107	9058512
2702	2703
2702	2704
2702	1939
2702	2706
2702	2707
2702	2708
2702	2710
2702	2712
2702	2714
2702	2716
2702	2717
2702	2719
2721	2722
2721	2289
2721	2727
2721	2728
2721	2729
2721	2731
2721	2732
2721	2733
2721	2734
2796	2806
2796	2814
2796	2815
2796	2816
2796	2816
2796	2818
2796	2825
2796	2833
2796	2836
2796	2839
2796	2842
2796	2844
2796	2846
2796	2847
2796	2848
2796	3013
2796	2850
2796	2855
2796	2856
2796	2856
3847999	2859
2867	2868
2867	2878
2867	2879
1884	2906
1884	2907
1884	2908
1884	2910
12142173	8818680
2953	2957
2960	2966
2960	2977
1194777	2981
1194777	2990
1194777	2993
1194777	2994
1194777	2996
1194777	2997
1194777	2998
1194777	3006
3008	3188
3008	3009
3008	3010
3008	3012
3008	3013
3008	3015
3008	3017
3008	3018
3008	3019
3008	3021
3025	3026
3025	3027
3025	3032
3025	3025
3025	3039
4470241	3045
4470241	3051
4470241	3057
4470241	3066
4470241	3073
4470241	3077
4470241	3091
4470241	3100
4470241	3101
4470241	3104
4470241	3106
4470241	3110
4470241	3122
3130	3133
3130	3134
3130	3137
3130	3140
3130	3142
3130	3143
3130	3144
3130	3146
3130	3147
3130	3151
3130	3152
3130	3153
3130	3154
3130	3155
8918942	3165
8918942	3167
634091	3175
634091	3176
634091	3177
634091	3183
634091	3187
634091	3188
3190	3191
3190	3192
3190	3193
3190	3194
3190	3195
3190	3197
3190	939
3190	940
3190	3198
3190	943
3190	3199
3190	3200
3190	3201
3229	3230
3229	3232
3229	3233
3229	3235
3229	3242
3229	3243
3229	3246
3229	3251
715250	3255
715250	3256
715250	3257
715250	3258
715250	3259
715250	3260
715250	3261
715250	3262
715250	3263
3268	3269
8832677	3288
3294	3296
3294	3297
3294	3304
3294	3305
3294	3306
3294	3312
3294	3315
3294	3317
3320	3326
3320	3331
3320	3335
3342	3344
3342	3347
3342	3350
3342	3544
3342	3360
3342	3361
3342	3362
3342	3364
3342	3365
3342	3366
3342	3368
3342	3369
3342	3375
3342	3379
3342	3381
3382	3383
3382	3386
3382	3387
8918961	3415
8918961	3418
3454	3455
3454	3456
3454	3457
3454	3458
3454	3459
3454	3460
3454	3461
3454	3465
3454	3468
3454	3469
3454	3470
3499	98528
8918985	3507
8918988	3514
8918988	3517
8918988	3519
8918988	3523
3563154	3544
3563154	3547
3563154	3549
3563154	3550
3563154	3551
3563154	3552
3794513	3563
3794513	3566
11100072	2483
11100072	2484
11100072	3571
11100072	3576
11100072	3579
11100072	2515
11100072	3581
11100072	2524
2909851	3781
5442650	1221
5442650	1228
5442650	1229
5442650	1232
5442650	1233
5442650	1235
5442650	1236
5442650	1237
5442650	1240
5442650	404
5442650	1241
8919004	3787
1473182	3597
1473182	3794
6403918	3637
6403918	3639
6403918	3640
6403918	3641
6403918	3643
6403918	3644
6403918	3645
6403918	3647
6403918	3648
6403918	3649
6403918	3650
6403918	3652
6403918	3653
6403918	3655
6403918	3656
6403918	3017
6403918	3659
6403918	3661
6403918	3662
6403918	3663
6403918	3665
6403918	3666
6403918	3667
6403918	3668
6403918	3671
3680	3685
3680	3695
3680	3696
3680	3698
3680	3700
3680	3551
3680	3706
8919029	3716
8919029	8919076
3776	317
3776	3778
3776	3779
3776	3781
3776	3783
3776	3785
3776	3786
3776	3787
3776	3789
3776	3790
3776	3791
3776	3794
3776	3795
3776	3801
3776	3802
3776	3803
3776	3804
3776	3806
3776	3807
3776	3809
3776	3810
3776	3811
3776	3813
3776	3814
3776	3816
3776	347
8919080	3821
8918928	3836
8918928	2249
678683	3840
678683	3841
678683	3842
678683	3844
678683	3847
678683	3854
3855	3858
3855	3859
3855	3860
3855	3864
3855	3866
3855	3868
3855	3869
3855	3870
3855	3871
3855	3872
3855	3880
3855	3883
3855	3884
3855	3887
3890	3892
3890	3894
3890	3896
3890	3903
3911	3912
3911	3913
3911	3915
3911	3917
3911	3918
3911	3919
3911	3920
3911	3921
3911	3922
3911	3925
3911	3928
3911	3930
3911	3931
3932	3934
3932	3935
3932	3937
3932	3938
3932	3942
3932	3945
8919149	4035
8919149	4036
4041	4044
4041	4045
4041	4046
4041	4047
4041	4048
4041	4051
4041	4052
3260	4063
3260	4064
3260	4065
3260	4067
3260	4069
3260	4070
3260	4071
3260	4072
3260	4073
3260	4074
3260	4076
3260	4079
3260	4080
3260	4083
3260	4088
3260	4089
3260	4092
3260	4095
3260	4098
3260	4100
3260	4102
3260	4104
3260	4106
3260	4107
3260	4109
3260	4113
3260	4114
3260	4115
3260	4116
4127	4335
8919158	4132
8919158	4133
8919158	4136
8919158	4137
8919160	4349
8919160	4142
8919160	4361
8919160	1977
265533	4160
265533	4161
265533	4162
265533	4165
265533	4166
265533	2879437
265533	4169
265533	4382
4171	4174
4171	4175
4171	4176
